0000000000000000000000000000000000000000
0000000000000000000000000000000000000000
0000000000000000000000000000000000000000
0000000000000001111111000000000000000000
0000000000000001000001000000000000000000
0000000000000001000001000000000000000000
0000000000000001000001000000000000000000
0000000000000001000001000000000000000000
0000000000000001000001000000000000000000
0000000000000001000001000000000000000000
0000000000000001111111000000000000000000
0000000000000001000001000000000000000000
0000000000000001000001000000000000000000
0000000000000001000001000000000000000000
0000000000000001000001000000000000000000
0000000000000001000001000000000000000000
0000000000000001000001000000000000000000
0000000000000000000000000000000000000000
0000000000000000000000000000000000000000
0000000000000000000000000000000000000000
