0000000000000000000000000000000000000000
0000000000000000000000000000000000000000
0000000000000000000000000000000000000000
0001111110000000000000000000000000000000
0001000010000000000000000000000000000000
0001000010000000000000000000000000000000
0001000010000000000000000000000000000000
0001000010000000000000000000000000000000
0001000010000000000000000000000000000000
0001111110000000000000000000000000000000
0001000010000000000000000000000000000000
0001000010000000000000000000000000000000
0001000010000000000000000000000000000000
0001000010000000000000000000000000000000
0001000010000000000000000000000000000000
0000000000000000000000000000000000000000
0000000000000000000000000000000000000000
0000000000000000000000000000000000000000
0000000000000000000000000000000000000000
0000000000000000000000000000000000000000
