0000000000000000000000000000000000000000
0000000000000000000000000000000000000000
0000000000000000000000000000000000000000
0000011100000000000000000000000000000000
0000010100000000000000000000000000000000
0000010100000000000000000000000000000000
0000110100000000000000000000000000000000
0000100110000000000000000000000000000000
0001100011000000000000000000000000000000
0001000011000000000000000000000000000000
0001111111000000000000000000000000000000
0011000001000000000000000000000000000000
0010000001000000000000000000000000000000
0010000001100000000000000000000000000000
0110000000100000000000000000000000000000
0000000000000000000000000000000000000000
0000000000000000000000000000000000000000
0000000000000000000000000000000000000000
0000000000000000000000000000000000000000
0000000000000000000000000000000000000000
