0000000000000000000000000000000000000000
0000000000000000000000000000000000000000
0000000000000000000000000000000000000000
0000000000000000001111100000000000000000
0000000000000000001000100000000000000000
0000000000000000001000100000000000000000
0000000000000000001000100000000000000000
0000000000000000001000100000000000000000
0000000000000000001111110000000000000000
0000000000000000001000010000000000000000
0000000000000000001000010000000000000000
0000000000000000001000010000000000000000
0000000000000000001000010000000000000000
0000000000000000001000010000000000000000
0000000000000000001000010000000000000000
0000000000000000001111110000000000000000
0000000000000000000000000000000000000000
0000000000000000000000000000000000000000
0000000000000000000000000000000000000000
0000000000000000000000000000000000000000
