0000000000000000000000000000000000000000
0000000000000000000000000000000000000000
0000000000000000100000000000000000000000
0000000000000000100000000000000000000000
0000000000000000100000000000000000000000
0000000000000000100000000000000000000000
0000000000000000100000000000000000000000
0000000000000000100000000000000000000000
0000000000000000111110000000000000000000
0000000000000000110011000000000000000000
0000000000000000100001000000000000000000
0000000000000000100001000000000000000000
0000000000000000100001000000000000000000
0000000000000000100001000000000000000000
0000000000000000100011000000000000000000
0000000000000000110010000000000000000000
0000000000000000011110000000000000000000
0000000000000000000000000000000000000000
0000000000000000000000000000000000000000
0000000000000000000000000000000000000000
