0000000000000000000000000000000000000000
0000000000000000000000000000000000000000
0000000000000000000000000000000000000000
0000000000000000000000000000010000000000
0000000000000000000000000000010000000000
0000000000000000000000000000010000000000
0000000000000000000000000000010000000000
0000000000000000000000000000010000000000
0000000000000000000000000000010000000000
0000000000000000000000000000011110000000
0000000000000000000000000000010011000000
0000000000000000000000000000010001000000
0000000000000000000000000000010001000000
0000000000000000000000000000010011000000
0000000000000000000000000000010010000000
0000000000000000000000000000011110000000
0000000000000000000000000000000000000000
0000000000000000000000000000000000000000
0000000000000000000000000000000000000000
0000000000000000000000000000000000000000
