0000000000000000000000000000000000000000
0000000000000000000000000000000000000000
0000000000000000000000000000000000000000
0000000000000000033333000000000000000000
0000000000000033330003000000000000000000
0000000000000030000000000000000000000000
0000000000000030000000000000000000000000
0000000000000030000000000000000000000000
0000000000000030000000000000000000000000
0000000000000030000000000000000000000000
0000000000000030000000000000000000000000
0000000000000030000000000000000000000000
0000000000000030000000000000000000000000
0000000000000030000003000000000000000000
0000000000000033000033000000000000000000
0000000000000003333330000000000000000000
0000000000000000000000000000000000000000
0000000000000000000000000000000000000000
0000000000000000000000000000000000000000
0000000000000000000000000000000000000000
