0000000000000000000000000000000000000000
0000000000000000000000000000000000000000
0000000000000000000000000000000000000000
0000000000000000000000000000000000000000
0000000000000000000000000000000000000000
0000000000000000000000000000000000000000
0222220000000000000000000000000000000000
0200020000000000000000000000000000000000
0200000000000000000000000000000000000000
0200000000000000000000000000000000000000
0200000000000000000000000000000000000000
0200000000000000000000000000000000000000
0200020000000000000000000000000000000000
0222220000000000000000000000000000000000
0000000000000000000000000000000000000000
0000000000000000000000000000000000000000
0000000000000000000000000000000000000000
0000000000000000000000000000000000000000
0000000000000000000000000000000000000000
0000000000000000000000000000000000000000
