0000000000000000000000000000000000000000
0000000000000000000000000000000000000000
0000000000000000000000000000000000000000
0000000000000000000000000000000000000000
0000000000000000000000000000000000000000
0000000000000000222222200000000000000000
0000000000000000200000200000000000000000
0000000000000002200000000000000000000000
0000000000000002000000000000000000000000
0000000000000002000000000000000000000000
0000000000000002000000000000000000000000
0000000000000002000000000000000000000000
0000000000000002000000000000000000000000
0000000000000002200000200000000000000000
0000000000000000200022200000000000000000
0000000000000000222220000000000000000000
0000000000000000000000000000000000000000
0000000000000000000000000000000000000000
0000000000000000000000000000000000000000
0000000000000000000000000000000000000000
