0000000000000000000000000000000000000000
0000000000000000000000000000000000000000
0000000000000000000000000000000000000000
0000000000000000000000000000000000000000
0000000000000000000000000000000000000000
0000000000000000000000000333330000000000
0000000000000000000000033300033000000000
0000000000000000000000030000003000000000
0000000000000000000000030000000000000000
0000000000000000000000330000000000000000
0000000000000000000000300000000000000000
0000000000000000000000300000000000000000
0000000000000000000000300000000000000000
0000000000000000000000330000000000000000
0000000000000000000000030000003000000000
0000000000000000000000030000033000000000
0000000000000000000000033333330000000000
0000000000000000000000000000000000000000
0000000000000000000000000000000000000000
0000000000000000000000000000000000000000
