0000000000000000000000000000000000000000
0000000000000000000000000000000000000000
0000000000000000000000000000000000000000
0000000000000000000000000000000000000000
0000000000000000000000000000000000000000
0000000000000000000010000000000000000000
0000000000000000000010000000000000000000
0000000000000000000010000000000000000000
0000000000000000000010000000000000000000
0000000000000000111110000000000000000000
0000000000000000100010000000000000000000
0000000000000000100010000000000000000000
0000000000000000100010000000000000000000
0000000000000000100010000000000000000000
0000000000000000111110000000000000000000
0000000000000000000000000000000000000000
0000000000000000000000000000000000000000
0000000000000000000000000000000000000000
0000000000000000000000000000000000000000
0000000000000000000000000000000000000000
