0000000000000000000000000000000000000000
0000000000000000000000000000000000000000
0000100000000000000000000000000000000000
0000100000000000000000000000000000000000
0000100000000000000000000000000000000000
0000100000000000000000000000000000000000
0000100000000000000000000000000000000000
0000100000000000000000000000000000000000
0111100000000000000000000000000000000000
0100100000000000000000000000000000000000
0100100000000000000000000000000000000000
0100100000000000000000000000000000000000
0111100000000000000000000000000000000000
0000000000000000000000000000000000000000
0000000000000000000000000000000000000000
0000000000000000000000000000000000000000
0000000000000000000000000000000000000000
0000000000000000000000000000000000000000
0000000000000000000000000000000000000000
0000000000000000000000000000000000000000
