0000000000000000000000000000000000000000
0000000000000000000000000000000000000000
0000000000000000000000000000000000000000
0000000000000000000000000000000000000000
0000000000000000000000000000000000000000
0000000000000000000000000000000001000000
0000000000000000000000000000000001000000
0000000000000000000000000000000001000000
0000000000000000000000000000000001000000
0000000000000000000000000000011111000000
0000000000000000000000000000010001000000
0000000000000000000000000000010001000000
0000000000000000000000000000010001000000
0000000000000000000000000000010001000000
0000000000000000000000000000010001000000
0000000000000000000000000000011111000000
0000000000000000000000000000000000000000
0000000000000000000000000000000000000000
0000000000000000000000000000000000000000
0000000000000000000000000000000000000000
