0000000000000000000000000000000000000000
0000000000000000000000000000000000000000
0000000000000000000000000000000000000000
0000000111100000000000000000000000000000
0000000100100000000000000000000000000000
0000000100000000000000000000000000000000
0000000100000000000000000000000000000000
0000000100000000000000000000000000000000
0000000100000000000000000000000000000000
0000001111000000000000000000000000000000
0000000100000000000000000000000000000000
0000000100000000000000000000000000000000
0000000100000000000000000000000000000000
0000000100000000000000000000000000000000
0000000100000000000000000000000000000000
0000000000000000000000000000000000000000
0000000000000000000000000000000000000000
0000000000000000000000000000000000000000
0000000000000000000000000000000000000000
0000000000000000000000000000000000000000
