0000000000000000000000000000000000000000
0000000000000000000000000000000000000000
0000000000000000000000000000000111110000
0000000000000000000000000000000100010000
0000000000000000000000000000000100010000
0000000000000000000000000000000100000000
0000000000000000000000000000001100000000
0000000000000000000000000000001000000000
0000000000000000000000000000001000000000
0000000000000000000000000000001000000000
0000000000000000000000000000011110000000
0000000000000000000000000000001000000000
0000000000000000000000000000001000000000
0000000000000000000000000000001100000000
0000000000000000000000000000000100000000
0000000000000000000000000000000100000000
0000000000000000000000000000000100000000
0000000000000000000000000000000000000000
0000000000000000000000000000000000000000
0000000000000000000000000000000000000000
