0000000000000000000000000000000000000000
0000000000000000000000000000000000000000
0022220000000000000000000000000000000000
0220020000000000000000000000000000000000
0200020000000000000000000000000000000000
0200000000000000000000000000000000000000
0200000000000000000000000000000000000000
0200000000000000000000000000000000000000
0200000000000000000000000000000000000000
0200000000000000000000000000000000000000
0200222000000000000000000000000000000000
0200002000000000000000000000000000000000
0200002000000000000000000000000000000000
0220022000000000000000000000000000000000
0022220000000000000000000000000000000000
0000000000000000000000000000000000000000
0000000000000000000000000000000000000000
0000000000000000000000000000000000000000
0000000000000000000000000000000000000000
0000000000000000000000000000000000000000
