0000000000000000000000000000000000000000
0000000000000000000000000000000000000000
0000000000000000000000000000000000000000
0000000000000000000000000000000000000000
0000000000000000000000000000000000000000
0000000000000000000000000000000000000000
0000000000000000000000000000000000000000
0000000000000000000000000000000000000000
0000000011111000000000000000000000000000
0000000010001000000000000000000000000000
0000000110001000000000000000000000000000
0000000100001000000000000000000000000000
0000000100001000000000000000000000000000
0000000100001000000000000000000000000000
0000000110001000000000000000000000000000
0000000011111000000000000000000000000000
0000000000001000000000000000000000000000
0000000001111000000000000000000000000000
0000000000000000000000000000000000000000
0000000000000000000000000000000000000000
