0000000000000000000000000000000000000000
0000000000000000000000000000000000000000
0000000000000000000000000000000000000000
0000000000000000000000000000000000000000
0000000000000000000000000000000000000000
0000000000000000000000000000000000000000
0000000000111111000000000000000000000000
0000000000100001000000000000000000000000
0000000000100001000000000000000000000000
0000000000100001000000000000000000000000
0000000000100001000000000000000000000000
0000000000100001000000000000000000000000
0000000000100001000000000000000000000000
0000000000111111000000000000000000000000
0000000000000001000000000000000000000000
0000000000000001000000000000000000000000
0000000000110011000000000000000000000000
0000000000011110000000000000000000000000
0000000000000000000000000000000000000000
0000000000000000000000000000000000000000
