0000000000000000000000000000000000000000
0000000000000000000000000000000000000000
0000000000000000000000000000000000000000
0000000000000000000000000000000000000000
0000000000000000000000000000000000000000
0000000000000000001111110000000000000000
0000000000000000001000010000000000000000
0000000000000000001000010000000000000000
0000000000000000001000010000000000000000
0000000000000000001000010000000000000000
0000000000000000001000010000000000000000
0000000000000000001000010000000000000000
0000000000000000001111110000000000000000
0000000000000000000000010000000000000000
0000000000000000000000010000000000000000
0000000000000000000111110000000000000000
0000000000000000000000000000000000000000
0000000000000000000000000000000000000000
0000000000000000000000000000000000000000
0000000000000000000000000000000000000000
