0000000000000000000000000000000000000000
0000000000000000000000000000000000000000
0000000000000000000000000000000000000000
0000000000000000100000000000000000000000
0000000000000000100000000000000000000000
0000000000000000100000000000000000000000
0000000000000000100000000000000000000000
0000000000000000100000000000000000000000
0000000000000000100000000000000000000000
0000000000000000100000000000000000000000
0000000000000000111111100000000000000000
0000000000000000110000100000000000000000
0000000000000000010000100000000000000000
0000000000000000010000100000000000000000
0000000000000000010000100000000000000000
0000000000000000110001100000000000000000
0000000000000000000001000000000000000000
0000000000000000000000000000000000000000
0000000000000000000000000000000000000000
0000000000000000000000000000000000000000
