0000000000000000000000000000000000000000
0000000000000000000000000000000000000000
0000000000000000000000000000000001000000
0000000000000000000000000000000001000000
0000000000000000000000000000000001000000
0000000000000000000000000000000001000000
0000000000000000000000000000000001000000
0000000000000000000000000000000001000000
0000000000000000000000000000000001000000
0000000000000000000000000000000001111000
0000000000000000000000000000000001001000
0000000000000000000000000000000001001000
0000000000000000000000000000000001001000
0000000000000000000000000000000001001000
0000000000000000000000000000000001001000
0000000000000000000000000000000000000000
0000000000000000000000000000000000000000
0000000000000000000000000000000000000000
0000000000000000000000000000000000000000
0000000000000000000000000000000000000000
