0000000000000000000000000000000000000000
0000000000000000000000000000000000000000
0000000000000000000000000000000000000000
0000000000000000000000000000000000000000
0000000000000000000000000000000000000000
0000000000000000000000000000000000000000
0000000000000000000000000000000000000000
0000000000000000000000000000000000000000
0000000000000000000000000000000000000000
0000000000000000000000000000000000000000
0000000000100000000000000000000000000000
0000000000100000000000000000000000000000
0000000000100000000000000000000000000000
0000000000100000000000000000000000000000
0000000000100000000000000000000000000000
0000000010100000000000000000000000000000
0000000010100000000000000000000000000000
0000000011100000000000000000000000000000
0000000000000000000000000000000000000000
0000000000000000000000000000000000000000
