0000000000000000000000000000000000000000
0000000000000000000000000000000000000000
0000000000000000000000000000000000000000
0000000000000000000000000000000000000000
0000000000000000000000000000000000000000
0000000000000000000000000000000000000000
0000000000000000000000000000000000000000
0000000000000000000000000000010000000000
0000000000000000000000000000010000000000
0000000000000000000000000000010000000000
0000000000000000000000000000010000000000
0000000000000000000000000000010000000000
0000000000000000000000000010010000000000
0000000000000000000000000010010000000000
0000000000000000000000000010010000000000
0000000000000000000000000011110000000000
0000000000000000000000000000000000000000
0000000000000000000000000000000000000000
0000000000000000000000000000000000000000
0000000000000000000000000000000000000000
