0000000000000000000000000000000000000000
0000000000000000000000000000000000000000
0000000000000000000000000000000000000000
0200020000000000000000000000000000000000
0200220000000000000000000000000000000000
0202200000000000000000000000000000000000
0222000000000000000000000000000000000000
0220000000000000000000000000000000000000
0222000000000000000000000000000000000000
0202200000000000000000000000000000000000
0200200000000000000000000000000000000000
0200220000000000000000000000000000000000
0200022000000000000000000000000000000000
0200002000000000000000000000000000000000
0000000000000000000000000000000000000000
0000000000000000000000000000000000000000
0000000000000000000000000000000000000000
0000000000000000000000000000000000000000
0000000000000000000000000000000000000000
0000000000000000000000000000000000000000
