0000000000000000000000000000000000000000
0000000000000000000000000000000000000000
0000000000000000000000000000000000000000
0000000000000000000000000000000000000000
0000000020002000000000000000000000000000
0000000020022000000000000000000000000000
0000000020220000000000000000000000000000
0000000022200000000000000000000000000000
0000000022000000000000000000000000000000
0000000022000000000000000000000000000000
0000000022200000000000000000000000000000
0000000220220000000000000000000000000000
0000000200022000000000000000000000000000
0000000200002000000000000000000000000000
0000000220000000000000000000000000000000
0000000000000000000000000000000000000000
0000000000000000000000000000000000000000
0000000000000000000000000000000000000000
0000000000000000000000000000000000000000
0000000000000000000000000000000000000000
