0000000000000000000000000000000000000000
0000000000000000000000000000000000000000
0000000000000000000000000000000000000000
0000000000000000000000000000000000000000
0000000000000000200020000000000000000000
0000000000000000200020000000000000000000
0000000000000000202220000000000000000000
0000000000000000202000000000000000000000
0000000000000000222000000000000000000000
0000000000000000220000000000000000000000
0000000000000000222000000000000000000000
0000000000000000202200000000000000000000
0000000000000000200220000000000000000000
0000000000000000200022000000000000000000
0000000000000000200002000000000000000000
0000000000000000000000000000000000000000
0000000000000000000000000000000000000000
0000000000000000000000000000000000000000
0000000000000000000000000000000000000000
0000000000000000000000000000000000000000
