0000000000000000000000000000000000000000
0000000000000000000000000000000000000000
0000000000000000000000000000000000000000
0000000000000000000000000000000002002200
0000000000000000000000000000000002022000
0000000000000000000000000000000002220000
0000000000000000000000000000000002200000
0000000000000000000000000000000002200000
0000000000000000000000000000000002222000
0000000000000000000000000000000002002000
0000000000000000000000000000000002002200
0000000000000000000000000000000002000200
0000000000000000000000000000000002000000
0000000000000000000000000000000000000000
0000000000000000000000000000000000000000
0000000000000000000000000000000000000000
0000000000000000000000000000000000000000
0000000000000000000000000000000000000000
0000000000000000000000000000000000000000
0000000000000000000000000000000000000000
