0000000000000000000000000000000000000000
0000000000000000000000000000000000000000
0000000000000000000000000000000000000000
0000000000000000000000000000000000000000
0000000000000000000000000000000000000000
0000000000000000000000000000000000000000
0000000000000000000000000000000000000000
0000000111111000000000000000000000000000
0000000100101100000000000000000000000000
0000000100100100000000000000000000000000
0000000100100100000000000000000000000000
0000000100101100000000000000000000000000
0000000100101000000000000000000000000000
0000000101101000000000000000000000000000
0000000101001000000000000000000000000000
0000000000000000000000000000000000000000
0000000000000000000000000000000000000000
0000000000000000000000000000000000000000
0000000000000000000000000000000000000000
0000000000000000000000000000000000000000
