0000000000000000000000000000000000000000
0000000000000000000000000000000000000000
0000000000000000000000000000000000000000
0000000000000000000000000000000000000000
0000000000000000000000000000000000000000
0000000000000000000000000000000000000000
0000000000000000000000000000000000000000
0000000000000000000000000000000000000000
0000000000000000000000000000000000000000
0000000000000000000000000000000011111110
0000000000000000000000000000000010010010
0000000000000000000000000000000010010010
0000000000000000000000000000000010010010
0000000000000000000000000000000010010010
0000000000000000000000000000000010010010
0000000000000000000000000000000010010010
0000000000000000000000000000000010010010
0000000000000000000000000000000000000000
0000000000000000000000000000000000000000
0000000000000000000000000000000000000000
