0000000000000000000000000000000000000000
0000000000000000000000000000000000000000
0000000000000000000000000000000000000000
0000000000000000000000000000000000000000
0220002000000000000000000000000000000000
0220002000000000000000000000000000000000
0222002000000000000000000000000000000000
0202002000000000000000000000000000000000
0202202000000000000000000000000000000000
0200202000000000000000000000000000000000
0200202000000000000000000000000000000000
0200222000000000000000000000000000000000
0200022000000000000000000000000000000000
0200022000000000000000000000000000000000
0200022000000000000000000000000000000000
0000000000000000000000000000000000000000
0000000000000000000000000000000000000000
0000000000000000000000000000000000000000
0000000000000000000000000000000000000000
0000000000000000000000000000000000000000
