0000000000000000000000000000000000000000
0000000000000000000000000000000000000000
0000000000000000000000000000000000000000
0000000000000000000000000000000000000000
0000000000000000000000000000000000000000
0000000000000000000000000000000000000000
0000000000000000000000000000000000000000
0000000000000000000000000000000000000000
0000000000000111100000000000000000000000
0000000000001100110000000000000000000000
0000000000011000011000000000000000000000
0000000000010000001000000000000000000000
0000000000010000001000000000000000000000
0000000000010000001000000000000000000000
0000000000010000001000000000000000000000
0000000000010000011000000000000000000000
0000000000011000010000000000000000000000
0000000000001111110000000000000000000000
0000000000000000000000000000000000000000
0000000000000000000000000000000000000000
