0000000000000000000000000000000000000000
0000000000000000000000000000000000000000
0000000000000000000000000000000000000000
0000000000000000000000000000000000000000
0000000000000000000000000000000000000000
0000000000000000000000000000000000000000
0000000000000000000000000000000000000000
0000000000000000000000000000000000000000
0000000000000000000000111111000000000000
0000000000000000000000100001000000000000
0000000000000000000000100001100000000000
0000000000000000000000100000100000000000
0000000000000000000000100000100000000000
0000000000000000000000100000100000000000
0000000000000000000000100000100000000000
0000000000000000000000100000100000000000
0000000000000000000000111011100000000000
0000000000000000000000001110000000000000
0000000000000000000000000000000000000000
0000000000000000000000000000000000000000
