0000000000000000000000000000000000000000
0000000000000000000000000000000000000000
0000000000000000000000000000000000000000
0000000000000000000000000000000000000000
0000000000000000000000000000000000000000
0000000000000000000000000000000000000000
0000000000000000000000000000000000000000
0000000000000000000000000000000011111100
0000000000000000000000000000000010000100
0000000000000000000000000000000010000100
0000000000000000000000000000000010000100
0000000000000000000000000000000010000100
0000000000000000000000000000000010000100
0000000000000000000000000000000010000100
0000000000000000000000000000000010011100
0000000000000000000000000000000011110000
0000000000000000000000000000000000000000
0000000000000000000000000000000000000000
0000000000000000000000000000000000000000
0000000000000000000000000000000000000000
