0000000000000000000000000000000000000000
0000000000000000000000000000000000000000
0000000000000000000000000000000000000000
0000000000000000000000000000000000000000
0000000000000000000000000000000000000000
0000000000000000000000000000000000000000
0000000000000000000000000000000000000000
0000000000000000000000000000000000000000
0000000111111000000000000000000000000000
0000000100001000000000000000000000000000
0000000100001000000000000000000000000000
0000000100001000000000000000000000000000
0000000100001000000000000000000000000000
0000000111111000000000000000000000000000
0000000100000000000000000000000000000000
0000000100000000000000000000000000000000
0000000100000000000000000000000000000000
0000000100000000000000000000000000000000
0000000100000000000000000000000000000000
0000000100000000000000000000000000000000
