0000000000000000000000000000000000000000
0000000000000000000000000000000000000000
0000000000000000000000000000000000000000
0000000000000000000000000000000000000000
0000000000000000000000000000000000000000
0000000000000000000000000000000000000000
0000000000000000000000000000000000000000
0000000000000000000000000000001111110000
0000000000000000000000000000001000010000
0000000000000000000000000000001000010000
0000000000000000000000000000001000010000
0000000000000000000000000000001000110000
0000000000000000000000000000001111100000
0000000000000000000000000000001000000000
0000000000000000000000000000001000000000
0000000000000000000000000000001000000000
0000000000000000000000000000001000000000
0000000000000000000000000000001000000000
0000000000000000000000000000000000000000
0000000000000000000000000000000000000000
