0000000000000000000000000000000000000000
0000000000000000000000000000000000000000
0000000000000000000000000000000000000000
0000000000000000000000000000000000000000
0111111110000000000000000000000000000000
0100000010000000000000000000000000000000
0100000010000000000000000000000000000000
1100000010000000000000000000000000000000
1000000010000000000000000000000000000000
1000000010000000000000000000000000000000
1000000010000000000000000000000000000000
1000000010000000000000000000000000000000
1100010010000000000000000000000000000000
0100011010000000000000000000000000000000
0110001110000000000000000000000000000000
0011111100000000000000000000000000000000
0000000110000000000000000000000000000000
0000000000000000000000000000000000000000
0000000000000000000000000000000000000000
0000000000000000000000000000000000000000
