0000000000000000000000000000000000000000
0000000000000000000000000000000000000000
0000000000000000000000000000000000000000
0000000000000000000000000000000000000000
0000000000000000000000000000000000000000
0000000000000000000000000000000000000000
0000000000000000000000000000000000000000
0000000000000000000000000000000000000000
0000000000000000000000000000000000000000
0000000111110000000000000000000000000000
0000001100010000000000000000000000000000
0000001000010000000000000000000000000000
0000001000010000000000000000000000000000
0000001000010000000000000000000000000000
0000001100010000000000000000000000000000
0000000110110000000000000000000000000000
0000000011110000000000000000000000000000
0000000000010000000000000000000000000000
0000000000010000000000000000000000000000
0000000000000000000000000000000000000000
