0000000000000000000000000000000000000000
0000000000000000000000000000000000000000
0000000000000000000000000000000000000000
0000000000000000000000000000000000000000
0000000000000000000000000000000000000000
0000000000000000000000000000000000000000
0000000000000001110000000000000000000000
0000000000000111011000000000000000000000
0000000000001100001000000000000000000000
0000000000001000001000000000000000000000
0000000000001000001000000000000000000000
0000000000001000001000000000000000000000
0000000000001000001000000000000000000000
0000000000001000001000000000000000000000
0000000000001111111000000000000000000000
0000000000000001101000000000000000000000
0000000000000000001000000000000000000000
0000000000000000001000000000000000000000
0000000000000000001000000000000000000000
0000000000000000000000000000000000000000
