0000000000000000000000000000000000000000
0000000000000000000000000000000000000000
0000000000000000000000000000000000000000
0000000000000000000000000000000000000000
0000000000000000000000000000000000000000
0000000000000000000000000000000000000000
0000000000000000000000000000000000000000
0000000000000000000000022222202000000000
0000000000000000000000220000222000000000
0000000000000000000000200000002000000000
0000000000000000000000200000002000000000
0000000000000000000000200000002000000000
0000000000000000000000200000002000000000
0000000000000000000000200000022000000000
0000000000000000000000222202222000000000
0000000000000000000000000222002000000000
0000000000000000000000000000002000000000
0000000000000000000000000000002000000000
0000000000000000000000000000002000000000
0000000000000000000000000000000000000000
