0000000000000000000000000000000000000000
0000000000000000000000000000000000000000
0000000000000000000000000000000000000000
0000000000000000000000000000000000000000
0000000000000000000000000000000000000000
0000000000000000000000000000000000000100
0000000000000000000000000000000001111100
0000000000000000000000000000000001000100
0000000000000000000000000000000001000100
0000000000000000000000000000000001000100
0000000000000000000000000000000001000100
0000000000000000000000000000000001111100
0000000000000000000000000000000000000100
0000000000000000000000000000000000000100
0000000000000000000000000000000000000100
0000000000000000000000000000000000000000
0000000000000000000000000000000000000000
0000000000000000000000000000000000000000
0000000000000000000000000000000000000000
0000000000000000000000000000000000000000
