0000000000000000000000000000000000000000
0000000000000000000000000000000000000000
0000000000000000000000000000000000000000
0111111100000000000000000000000000000000
0100000100000000000000000000000000000000
0100000100000000000000000000000000000000
0100000100000000000000000000000000000000
0100000100000000000000000000000000000000
0100001100000000000000000000000000000000
0111111000000000000000000000000000000000
0100001000000000000000000000000000000000
0100001100000000000000000000000000000000
0100000100000000000000000000000000000000
0100000110000000000000000000000000000000
0100000010000000000000000000000000000000
0000000000000000000000000000000000000000
0000000000000000000000000000000000000000
0000000000000000000000000000000000000000
0000000000000000000000000000000000000000
0000000000000000000000000000000000000000
