0000000000000000000000000000000000000000
0000000000000000000000000000000000000000
0000000000000000000000000000000000000000
0000000000000000000000000000000000000000
0000000000000000000000000000000000000000
0000000000000000000000000000000000000000
0000000000000000000000000000000000000000
0000000000000000000000000000000000000000
0000000000000000000000000000000002022220
0000000000000000000000000000000002220000
0000000000000000000000000000000002200000
0000000000000000000000000000000002000000
0000000000000000000000000000000002000000
0000000000000000000000000000000002000000
0000000000000000000000000000000002000000
0000000000000000000000000000000002000000
0000000000000000000000000000000002000000
0000000000000000000000000000000000000000
0000000000000000000000000000000000000000
0000000000000000000000000000000000000000
