0000000000000000000000000000000000000000
0000000000000000000000000000000000000000
0000000000000000000000000000000000000000
0000000000000000000000000000000000000000
0000000000000000000000000000000000000000
0000000000000000000000000000000000000000
0000000000000000000000000000000000000000
0000000000000000000000000000000000000000
0000000011111000000000000000000000000000
0000000010000000000000000000000000000000
0000000010000000000000000000000000000000
0000000010000000000000000000000000000000
0000000011111000000000000000000000000000
0000000000001000000000000000000000000000
0000000000001000000000000000000000000000
0000000000001000000000000000000000000000
0000000011111000000000000000000000000000
0000000000000000000000000000000000000000
0000000000000000000000000000000000000000
0000000000000000000000000000000000000000
