0000000000000000000000000000000000000000
0000000000000000000000000000000000000000
0000000000000000000000000000000000000000
0000000000000000000000000000000000000000
0000000000000003000000000000000000000000
0000000000000003000000000000000000000000
0000000000000003000000000000000000000000
0000000000000003000000000000000000000000
0000000000000003000000000000000000000000
0000000000000003000000000000000000000000
0000000000000333330000000000000000000000
0000000000000003000000000000000000000000
0000000000000003000000000000000000000000
0000000000000003000000000000000000000000
0000000000000003000000000000000000000000
0000000000000003003300000000000000000000
0000000000000003333000000000000000000000
0000000000000000000000000000000000000000
0000000000000000000000000000000000000000
0000000000000000000000000000000000000000
