0000000000000000000000000000000000000000
0000000000000000000000000000000000000000
0000000000000000000000000000000000000000
0000000000000000000000000000000000000000
0000000000000000000000000000000000000000
0000000000000000000000000200000000000000
0000000000000000000000000200000000000000
0000000000000000000000000200000000000000
0000000000000000000000000200000000000000
0000000000000000000000000200000000000000
0000000000000000000000002222000000000000
0000000000000000000000000200000000000000
0000000000000000000000000200000000000000
0000000000000000000000000200000000000000
0000000000000000000000000200000000000000
0000000000000000000000000200200000000000
0000000000000000000000000222200000000000
0000000000000000000000000000000000000000
0000000000000000000000000000000000000000
0000000000000000000000000000000000000000
