0000000000000000000000000000000000000000
0000000000000000000000000000000000000000
0000000000000000000000000000000000000000
0000000000000000000000000000000000000000
0000000000000000000000000000000000000000
0000000000000000000000000000000000000000
0000000000000000000000000000000000100000
0000000000000000000000000000000000100000
0000000000000000000000000000000000100000
0000000000000000000000000000000000100000
0000000000000000000000000000000011111000
0000000000000000000000000000000000100000
0000000000000000000000000000000000100000
0000000000000000000000000000000000100000
0000000000000000000000000000000000100000
0000000000000000000000000000000000110000
0000000000000000000000000000000000000000
0000000000000000000000000000000000000000
0000000000000000000000000000000000000000
0000000000000000000000000000000000000000
