0000000000000000000000000000000000000000
0000000000000000000000000000000000000000
0000000000000000000000000000000000000000
0000000000000000000000000000000000000000
0000000000000000000000000000000000000000
0000000000000000000000000000000000000000
0000000000000000000000000000000000000000
0000000000000000000000000000000000000000
0000000000000000000000000000000000000000
0000000002000200000000000000000000000000
0000000002000200000000000000000000000000
0000000002000200000000000000000000000000
0000000002000200000000000000000000000000
0000000002000200000000000000000000000000
0000000002000200000000000000000000000000
0000000002222200000000000000000000000000
0000000000000000000000000000000000000000
0000000000000000000000000000000000000000
0000000000000000000000000000000000000000
0000000000000000000000000000000000000000
