0000000000000000000000000000000000000000
0000000000000000000000000000000000000000
0000000000000000000000000000000000000000
0000000000000000000000000000000000000000
0000000000000000000000000000000000000000
0000000000000000000000000000000000000000
0000000000000000000000000000000000000000
0000000000000000000000000000000000000000
0000000000000000020000200000000000000000
0000000000000000020000200000000000000000
0000000000000000020000200000000000000000
0000000000000000020000200000000000000000
0000000000000000020000200000000000000000
0000000000000000020000200000000000000000
0000000000000000020000200000000000000000
0000000000000000022000200000000000000000
0000000000000000002202200000000000000000
0000000000000000000222000000000000000000
0000000000000000000000000000000000000000
0000000000000000000000000000000000000000
