0000000000000000000000000000000000000000
0000000000000000000000000000000000000000
0000000000000000000000000000000000000000
0000000000000000000000000000000000000000
0000000000000000000000000000000000000000
0000000000000000000000000000000000000000
0000000000000000000000000000000000000000
0000000000000000000000000000000000000000
0000000000000000000000000020002000000000
0000000000000000000000000020002000000000
0000000000000000000000000020002000000000
0000000000000000000000000020002000000000
0000000000000000000000000020002000000000
0000000000000000000000000020002000000000
0000000000000000000000000020002000000000
0000000000000000000000000022222000000000
0000000000000000000000000000000000000000
0000000000000000000000000000000000000000
0000000000000000000000000000000000000000
0000000000000000000000000000000000000000
