0000000000000000000000000000000000000000
0000000000000000000000000000000000000000
0000000000000000000000000000000000000000
0000000000000000000000000000000000000000
0000000000000000000000000000000000000000
0000000000000000000000000000000000000000
0000000000000000000000000000000000000000
0000000000000000000000000000000000000000
0000000000000000000000000000000000000000
0000000000000000000000000000000002002000
0000000000000000000000000000000002002000
0000000000000000000000000000000002002000
0000000000000000000000000000000002002000
0000000000000000000000000000000002002000
0000000000000000000000000000000002002000
0000000000000000000000000000000002222000
0000000000000000000000000000000000000000
0000000000000000000000000000000000000000
0000000000000000000000000000000000000000
0000000000000000000000000000000000000000
