0000000000000000000000000000000000000000
0000000000000000000000000000000000000000
0000000000000000000000000000000000000000
0000000000000000000000000000000000000000
2000000200000000000000000000000000000000
2200000200000000000000000000000000000000
0200000200000000000000000000000000000000
0200002200000000000000000000000000000000
0220002000000000000000000000000000000000
0020022000000000000000000000000000000000
0020020000000000000000000000000000000000
0022220000000000000000000000000000000000
0002200000000000000000000000000000000000
0002200000000000000000000000000000000000
0002200000000000000000000000000000000000
0002000000000000000000000000000000000000
0000000000000000000000000000000000000000
0000000000000000000000000000000000000000
0000000000000000000000000000000000000000
0000000000000000000000000000000000000000
