0000000000000000000000000000000000000000
0000000000000000000000000000000000000000
0000000000000000000000000000000000000000
0000000000000000000000000000000000000000
0000000000000000000000000000000000000000
0000000000000000000000000000000000000000
0000000000000000000000000000000000000000
0000000000000000000000000000000000000000
0000000000000000000000000000000000000000
0000002000022000000000000000000000000000
0000002000020000000000000000000000000000
0000002000020000000000000000000000000000
0000002200220000000000000000000000000000
0000000200200000000000000000000000000000
0000000200200000000000000000000000000000
0000000222200000000000000000000000000000
0000000022000000000000000000000000000000
0000000022000000000000000000000000000000
0000000000000000000000000000000000000000
0000000000000000000000000000000000000000
