0000000000000000000000000000000000000000
0000000000000000000000000000000000000000
0000000000000000000000000000000000000000
0000000000000000000000000000000000000000
0000000000000000000000000000000000000000
0000000000000000000000000000000000000000
0000000000000000000000000000000000000000
0000000000000000000000000000000000000000
0000000000000000000000000000000000000000
0000000000000002000020000000000000000000
0000000000000002200020000000000000000000
0000000000000000200220000000000000000000
0000000000000000200200000000000000000000
0000000000000000222200000000000000000000
0000000000000000022000000000000000000000
0000000000000000022000000000000000000000
0000000000000000020000000000000000000000
0000000000000000000000000000000000000000
0000000000000000000000000000000000000000
0000000000000000000000000000000000000000
