0000000000000000000000000000000000000000
0000000000000000000000000000000000000000
0000000000000000000000000000000000000000
0000000000000000000000000000000000000000
0000000000000000000000000000000000000000
0000000000000000000000000000000000000000
0000000000000000000000000000000000000000
0000000000000000000000000000000000000000
0000000000000000000000000000000000000000
0000000000000000000000002000020000000000
0000000000000000000000002000220000000000
0000000000000000000000002000200000000000
0000000000000000000000002002200000000000
0000000000000000000000002002000000000000
0000000000000000000000002022000000000000
0000000000000000000000002220000000000000
0000000000000000000000002200000000000000
0000000000000000000000002000000000000000
0000000000000000000000000000000000000000
0000000000000000000000000000000000000000
