0000000000000000000000000000000000000000
0000000000000000000000000000000000000000
0000000000000000000000000000000000000000
0000000000000000000000000000000000000000
0000000000000000000000000000000000000000
0000000000000000000000000000000000000000
0000000000000000000000000000000000000000
0000000000000000000000000000000000000000
0000000000000000000000000000000000000000
0000000000000000000000000000000200020000
0000000000000000000000000000000200020000
0000000000000000000000000000000200020000
0000000000000000000000000000000200020000
0000000000000000000000000000000220220000
0000000000000000000000000000000020200000
0000000000000000000000000000000020200000
0000000000000000000000000000000022200000
0000000000000000000000000000000002000000
0000000000000000000000000000000000000000
0000000000000000000000000000000000000000
