0000000000000000000000000000000000000000
0000000000000000000000000000000000000000
0000000000000000000000000000000000000000
0000000000000000000000000000000000000000
0200002000000000000000000000000000000000
0200002000000000000000000000000000000000
0200002000000000000000000000000000000000
0200002000000000000000000000000000000000
0200202000000000000000000000000000000000
0202202000000000000000000000000000000000
0202002000000000000000000000000000000000
0202002000000000000000000000000000000000
0202002000000000000000000000000000000000
0202002000000000000000000000000000000000
0222222000000000000000000000000000000000
0000000000000000000000000000000000000000
0000000000000000000000000000000000000000
0000000000000000000000000000000000000000
0000000000000000000000000000000000000000
0000000000000000000000000000000000000000
