0000000000000000000000000000000000000000
0000000000000000000000000000000000000000
0000000000000000000000000000000000000000
0000000000000000000000000000000000000000
0000000000000000000000000000000000000000
0000000000000000000000000000000000000000
0000000000000000000000000000000000000000
0000000000000000000000000000000000000000
0000000000000000000000000000000000000000
0000000300300300000000000000000000000000
0000000300300300000000000000000000000000
0000000300300300000000000000000000000000
0000000300300300000000000000000000000000
0000000300300300000000000000000000000000
0000000300300300000000000000000000000000
0000000333333300000000000000000000000000
0000000000000000000000000000000000000000
0000000000000000000000000000000000000000
0000000000000000000000000000000000000000
0000000000000000000000000000000000000000
