0000000000000000000000000000000000000000
0000000000000000000000000000000000000000
0000000000000000000000000000000000000000
0000000000000000000000000000000000000000
0000000000000000000000000000000000000000
0000000000000000000000000000000000000000
0000000000000000000000000000000000000000
0000000000000000000000000000000000000000
0000000000000000000000000000000000000000
0000000000000003000300033000000000000000
0000000000000003000300030000000000000000
0000000000000003003300030000000000000000
0000000000000003003330030000000000000000
0000000000000003003030330000000000000000
0000000000000003333030300000000000000000
0000000000000000330033300000000000000000
0000000000000000330033000000000000000000
0000000000000000300003000000000000000000
0000000000000000000000000000000000000000
0000000000000000000000000000000000000000
