0000000000000000000000000000000000000000
0000000000000000000000000000000000000000
0000000000000000000000000000000000000000
0000000000000000000000000000000000000000
0000000000000000000000000000000000000000
0000000000000000000000000000000000000000
0000000000000000000000000000000000000000
0000000000000000000000000000000000000000
0000000000000000000000030030030000000000
0000000000000000000000030030030000000000
0000000000000000000000030030030000000000
0000000000000000000000030030030000000000
0000000000000000000000030030030000000000
0000000000000000000000030030030000000000
0000000000000000000000030030030000000000
0000000000000000000000033333330000000000
0000000000000000000000000000000000000000
0000000000000000000000000000000000000000
0000000000000000000000000000000000000000
0000000000000000000000000000000000000000
