0000000000000000000000000000000000000000
0000000000000000000000000000000000000000
0000000000000000000000000000000000000000
0000000000000000000000000000000000000000
0000000000000000000000000000000000000000
0000000000000000000000000000000000000000
0000000000000000000000000000000000000000
0000000000000000000000000000000000000000
0000000000000000000000000000000030030300
0000000000000000000000000000000030030300
0000000000000000000000000000000030030300
0000000000000000000000000000000030030330
0000000000000000000000000000000030030030
0000000000000000000000000000000033333330
0000000000000000000000000000000033000330
0000000000000000000000000000000000000000
0000000000000000000000000000000000000000
0000000000000000000000000000000000000000
0000000000000000000000000000000000000000
0000000000000000000000000000000000000000
