0000000000000000000000000000000000000000
0000000000000000000000000000000000000000
0000000000000000000000000000000000000000
0000000000000000000000000000000000000000
0200002200000000000000000000000000000000
0220002000000000000000000000000000000000
0022022000000000000000000000000000000000
0002220000000000000000000000000000000000
0000200000000000000000000000000000000000
0002220000000000000000000000000000000000
0022020000000000000000000000000000000000
0020022000000000000000000000000000000000
0220002000000000000000000000000000000000
0200002000000000000000000000000000000000
2200002200000000000000000000000000000000
0000000000000000000000000000000000000000
0000000000000000000000000000000000000000
0000000000000000000000000000000000000000
0000000000000000000000000000000000000000
0000000000000000000000000000000000000000
