0000000000000000000000000000000000000000
0000000000000000000000000000000000000000
0000000000000000000000000000000000000000
0000000000000000000000000000000000000000
0000000000000000000000000000000000000000
0000000000000000000000000000000000000000
0000000000000000000000000000000000000000
0000000000000000000000000000000000000000
0000000000000000000000000000000000000000
0000000000000000000000000000000000000000
0000000022000220000000000000000000000000
0000000002200200000000000000000000000000
0000000000222200000000000000000000000000
0000000000022000000000000000000000000000
0000000000222200000000000000000000000000
0000000002200200000000000000000000000000
0000000022000220000000000000000000000000
0000000020000020000000000000000000000000
0000000000000000000000000000000000000000
0000000000000000000000000000000000000000
