0000000000000000000000000000000000000000
0000000000000000000000000000000000000000
0000000000000000000000000000000000000000
0000000000000000000000000000000000000000
0000000000000000000000000000000000000000
0000000000000000000000000000000000000000
0000000000000000000000000000000000000000
0000000000000000000000000000000000000000
0000000000000000000000000000000000000000
0000000000000000000000000000000000000000
0000000000000002200022000000000000000000
0000000000000000220020000000000000000000
0000000000000000020220000000000000000000
0000000000000000022200000000000000000000
0000000000000000022200000000000000000000
0000000000000000220220000000000000000000
0000000000000002200022000000000000000000
0000000000000002000002000000000000000000
0000000000000000000000000000000000000000
0000000000000000000000000000000000000000
