0000000000000000000000000000000000000000
0000000000000000000000000000000000000000
0000000000000000000000000000000000000000
0000000000000000000000000000000000000000
0000000000000000000000000000000000000000
0000000000000000000000000000000000000000
0000000000000000000000000000000000000000
0000000000000000000000000000000000000000
0000000000000000000000002000002200000000
0000000000000000000000002220022000000000
0000000000000000000000000020220000000000
0000000000000000000000000022200000000000
0000000000000000000000000002200000000000
0000000000000000000000000022220000000000
0000000000000000000000000220020000000000
0000000000000000000000002200022000000000
0000000000000000000000002000002000000000
0000000000000000000000000000000000000000
0000000000000000000000000000000000000000
0000000000000000000000000000000000000000
