0000000000000000000000000000000000000000
0000000000000000000000000000000000000000
0000000000000000000000000000000000000000
0000000000000000000000000000000000000000
0000000000000000000000000000000000000000
0000000000000000000000000000000000000000
0000000000000000000000000000000000000000
0000000000000000000000000000000020000200
0000000000000000000000000000000022002200
0000000000000000000000000000000002222000
0000000000000000000000000000000000220000
0000000000000000000000000000000000222000
0000000000000000000000000000000002202200
0000000000000000000000000000000022000000
0000000000000000000000000000000000000000
0000000000000000000000000000000000000000
0000000000000000000000000000000000000000
0000000000000000000000000000000000000000
0000000000000000000000000000000000000000
0000000000000000000000000000000000000000
