0000000000000000000000000000000000000000
0000000000000000000000000000000000000000
0000000000000000000000000000000000000000
0000000000000000000000000000000000000000
0000000000000000000000000000000000000000
0020002000000000000000000000000000000000
0020002000000000000000000000000000000000
0020002000000000000000000000000000000000
0020002000000000000000000000000000000000
0020002000000000000000000000000000000000
0022222000000000000000000000000000000000
0000002000000000000000000000000000000000
0000002000000000000000000000000000000000
0000002000000000000000000000000000000000
0020002000000000000000000000000000000000
0022222000000000000000000000000000000000
0000000000000000000000000000000000000000
0000000000000000000000000000000000000000
0000000000000000000000000000000000000000
0000000000000000000000000000000000000000
