0000000000000000000000000000000000000000
0000000000000000000000000000000000000000
0000000000000000000000000000000000000000
0000000000000000000000000000000000000000
0000000000000000000000000000000000000000
0000000000000000000000000000000000000000
0000000000000000000000000000000000000000
0000000000000000000000000000000000000000
0000000020020000000000000000000000000000
0000000020020000000000000000000000000000
0000000020020000000000000000000000000000
0000000020020000000000000000000000000000
0000000020020000000000000000000000000000
0000000022220000000000000000000000000000
0000000000020000000000000000000000000000
0000000000020000000000000000000000000000
0000000000020000000000000000000000000000
0000000000000000000000000000000000000000
0000000000000000000000000000000000000000
0000000000000000000000000000000000000000
