0000000000000000000000000000000000000000
0000000000000000000000000000000000000000
0000000000000000000000000000000000000000
0000000000000000000000000000000000000000
0000000000000000000000000000000000000000
0000000000000000000000000000000000000000
0000000000000000000000000000000000000000
0000000000000000000000000000000000000000
0000000000000000000000000000000000000000
0000000000000000020002000000000000000000
0000000000000000020002000000000000000000
0000000000000000020002000000000000000000
0000000000000000020002000000000000000000
0000000000000000022002000000000000000000
0000000000000000002222000000000000000000
0000000000000000000002000000000000000000
0000000000000000000002000000000000000000
0000000000000000020022000000000000000000
0000000000000000022220000000000000000000
0000000000000000000000000000000000000000
