0000000000000000000000000000000000000000
0000000000000000000000000000000000000000
0000000000000000000000000000000000000000
0000000000000000000000000000000000000000
0000000000000000000000000000000000000000
0000000000000000000000000000000000000000
0000000000000000000000000000000000000000
0000000000000000000000000000000000000000
0000000000000000000000000002002000000000
0000000000000000000000000002002000000000
0000000000000000000000000002002000000000
0000000000000000000000000002002000000000
0000000000000000000000000002222000000000
0000000000000000000000000000002000000000
0000000000000000000000000000002000000000
0000000000000000000000000000002000000000
0000000000000000000000000000002000000000
0000000000000000000000000000000000000000
0000000000000000000000000000000000000000
0000000000000000000000000000000000000000
