0000000000000000000000000000000000000000
0000000000000000000000000000000000000000
0000000000000000000000000000000000000000
0000000000000000000000000000000000000000
0011111110000000000000000000000000000000
0000001100000000000000000000000000000000
0000011000000000000000000000000000000000
0000010000000000000000000000000000000000
0000110000000000000000000000000000000000
0001100000000000000000000000000000000000
0011000000000000000000000000000000000000
0010000000000000000000000000000000000000
0110000000000000000000000000000000000000
0111111110000000000000000000000000000000
0000000000000000000000000000000000000000
0000000000000000000000000000000000000000
0000000000000000000000000000000000000000
0000000000000000000000000000000000000000
0000000000000000000000000000000000000000
0000000000000000000000000000000000000000
