0000000000000000000000000000000000000000
0000000000000000000000000000000000000000
0000000000000000000000000000000000000000
0000000000000000000000000000000000000000
0000000000000000000000000000000000000000
0000000000000000000000000000000000000000
0000000000000000000000000000000000000000
0000000000000000000000000000000000000000
0000000000000000000000000000000000000000
0000000000222222000000000000000000000000
0000000000000022000000000000000000000000
0000000000000220000000000000000000000000
0000000000002200000000000000000000000000
0000000000022000000000000000000000000000
0000000000220000000000000000000000000000
0000000002220002000000000000000000000000
0000000000022222000000000000000000000000
0000000000000000000000000000000000000000
0000000000000000000000000000000000000000
0000000000000000000000000000000000000000
